0 0 1 0 1 0 1
1 0 0 2 1 1 1
2 0 1 2 1 -1 3
3 0 -1 4 3 0 1
4 1 -1 5 1 0 4
5 0 -1 5 1 0 6
6 0 1 7 1 -1 6
7 0 0 7 0 1 8
8 0 0 9 1 0 10
9 0 1 9 0 1 23
10 0 0 11 1 1 10
11 0 1 11 1 1 12
12 0 1 12 0 1 13
13 0 1 14 1 1 13
14 1 -1 15 1 1 14
15 0 -1 16 1 -1 15
16 0 0 18 1 -1 17
17 0 1 12 1 -1 17
18 1 -1 18 1 1 19
19 0 0 19 0 -1 20
20 0 0 21 1 -1 20
21 0 -1 21 1 0 22
22 0 1 7 1 -1 22
23 0 1 24 1 0 23
24 0 1 29 0 1 25
25 0 1 26 1 1 25
26 1 -1 27 1 1 26
27 0 -1 28 1 -1 27
28 0 1 24 1 -1 28
29 0 0 99 1 1 29
